https://powcoder.com
代写代考加微信 powcoder
Assignment Project Exam Help
Add WeChat powcoder
21606
50983
14341
48580
55331
62436
14899
29381
54314
14832
77254
61671
39891
15386
23172
33493
23429
66641
51847
19053
51193
10243
92149
72828
50718
67014
83365
34017
77693
18296
44297
24727
82240
70415
72228
13122
18657
12666
69085
32032
21519
64830
12037
99095
25439
79819
73943
89278
83497
61954
49173
92674
48400
27119
61565
50489
49576
28882
22241
69949
78353
20763
26708
97016
12659
54749
90218
33848
23388
86121
54006
27786
37222
69067
99599
90031
24353
84875
92845
15917
69965
96930
77894
77326
44078
30846
47453
71781
18877
25180
87626
51975
13523
14143
42393
64267
93109
14325
77109
47056
56931
13260
49667
17781
58357
93228
44748
13795
73431
14019
50017
26102
16702
18781
20050
85973
19847
55235
56300
66484
63239
89937
20376
46587
42583
20420
71891
13369
15801
39026
71238
16603
80650
89902
33532
40478
71780
61348
16214
65654
53138
10562
63266
65773
76966
12850
30498
28143
24282
98215
88558
37713
14089
50285
27891
30448
35569
10110
22068
92820
89682
58540
15444
69462
88463
87590
47813
38736
82403
19392
55575
73324
34016
16639
55104
34210
23035
25454
39014
53382
90758
62044
51436
42352
74394
76136
74721
63769
41339
56199
61831
87857
20065
62411
64431
29652
56837
52320
55102
32130
87432
40745
75901
84171
95771
16292
15178
88913
43424
31118
80516
27098
74585
41039
98002
88211
72661
88637
62457
67912
25590
96380
90795
22510
39594
52210
69168
15099
44261
41426
60176
18039
95753
34396
12902
20156
69555
31413
79207
18870
50583
73971
38948
45308
42117
43451
45961
12009
25908
65357
83170
60227
87419
27200
32283
61792
17282
39806
81401
77193
92372
93384
38789
33740
49581
52998
77797
31114
98563
69300
96360
45270
25710
86114
72951
89057
11290
86284
70765
59020
99364
84828
99078
29412
32626
29840
92202
82392
78854
33339
75965
16588
46085
95620
60748
80580
41176
10856
13629
71463
15307
96406
71359
55225
46907
75237
32841
73856
54809
53590
48490
26417
25480
63478
46346
28113
31250
21629
70424
75663
96746
10806
61735
31053
44686
86953
48111
86514
87831
24265
40217
26163
66405
60493
76591
66246
92976
66058
90895
99347
82949
50535
60247
76781
13953
61717
66479
43572
62109
41256
96694
60180
99473
84210
98838
58192
43136
31646
55697
76544
79393
40520
81849
23318
31173
70383
14213
48207
61234
82609
79405
18893
73775
61319
18821
93143
54694
47353
39187
76230
46935
58753
86810
79653
71400
60054
22521
21969
96016
29337
90052
47670
53260
45795
21370
60170
23005
98219
73364
82022
91766
35248
30608
73749
83713
64583
26868
53849
27121
74786
80644
50172
55827
93520
62088
64634
69589
82455
97151
56332
69049
64270
76730
92358
19196
41493
79579
75505
12123
55783
27337
22817
74892
11998
13334
35631
61766
49248
51483
72616
36892
77144
97510
65805
25767
69468
59313
60587
36058
87170
62789
40358
90321
88095
41109
97412
64845
11666
33495
62039
81079
64000
80550
58944
48697
48108
88613
32546
54743
88613
45136
48199
91414
22730
27782
39315
33526
44585
19638
79132
29021
58606
65185
39978
43752
98991
58234
75768
13676
46528
90656
48301
20609
46410
46741
48308
50947
83038
17944
26652
16744
90242
32489
56556
84831
97166
14834
86072
41160
29744
84525
66256
95149
58927
30218
32016
78622
50684
79024
47488
11468
47624
31796
44834
65056
69609
96175
32179
63056
28666
63611
17160
58522
82349
82584
12380
57021
44278
65016
40880
62620
41035
39845
45702
52596
83872
86867
87719
76421
52655
87956
65391
21070
49317
44796
75060
34284
68556
20147
41053
95808
63161
11536
69812
79528
37330
25195
44617
53408
85366
19014
70137
73779
88736
96219
15058
28947
10419
94753
13198
66758
46403
10711
20009
60063
67363
51874
47166
61646
29283
64511
55880
28776
21057
56098
89436
79323
82990
18888
75957
34373
54540
31336
14566
78176
45529
30563
11133
39959
16128
79555
50545
38711
21972
98357
95287
62627
85708
29577
33702
20584
74441
82984
45454
53753
84852
55344
26596
74425
68159
91128
91244
89736
43886
54208
70792
82730
29739
95282
67281
55188
45503
28565
65462
40102
15621
60094
20156
59760
12342
74258
79489
21336
19200
88260
38823
99929
44742
56140
77037
93727
82893
28645
47871
48679
39969
10429
40753
12622
76650
71142
33235
95817
89117
43341
51984
59922
25717
78227
80709
68817
15007
81469
91726
30332
93331
51959
31171
77160
67196
13355
41991
58040
23451
51437
12852
27540
68147
64299
24375
69996
48352
27571
85460
51593
66358
87545
70242
17467
72444
55558
22878
90651
18708
19846
83755
99664
60082
34028
85115
50787
64906
68873
64582
66440
11196
40540
80509
76475
37196
38641
45831
19196
48513
10416
64427
78254
16446
38124
31397
11231
34916
20438
52004
23855
83011
97541
75547
99344
29143
15733
30976
89624
11904
42785
80415
40695
22940
51447
82309
75513
76091
45204
80785
28868
54320
52900
72341
94042
88947
41108
45060
91633
15524
57697
73584
82155
15333
89155
31023
40712
15751
22596
19703
19832
92304
31232
16570
92238
20600
83515
54327
46379
65821
57411
89837
24878
58694
31965
10452
82464
94332
93651
14215
83589
57318
48628
86108
44509
93694
58988
75608
15892
22269
86668
34345
96632
56442
44565
99520
22412
43655
40287
35575
95774
89322
30681
19376
31257
86932
56641
72776
51509
24616
75572
77692
28067
29591
87091
13662
57894
25041
84206
51627
43137
37577
48119
55435
83157
33492
93394
39638
63933
75633
49346
21809
36076
67153
53049
70633
83079
13849
36867
76092
96363
53647
21622
15928
65925
22217
24350
48072
91367
24429
41253
63699
45174
62534
21991
20311
13003
47223
52789
41024
46107
82563
77747
76480
86354
33531
70580
48463
34208
74395
10560
29492
89691
76649
73177
17804
77454
53498
28577
87023
42391
74720
87823
15548
16135
96356
69771
10516
77550
87226
87534
81482
69603
39194
75289
57933
20269
52271
40543
83165
93187
76576
95896
40461
66956
93044
46804
52279
20236
32129
64063
74590
54016
54984
32224
83042
65395
88078
94657
66851
41915
10261
56110
38467
88216
11625
38427
21216
49996
25804
36893
90139
41975
49477
21244
57836
56680
62468
63184
39399
35744
80486
18373
22146
43065
95083
75774
39661
21535
33614
52053
67748
48015
16679
80015
77691
93808
39754
77337
52406
74385
66146
83860
20725
79207
90252
39229
40389
64864
12798
62741
54707
94240
35934
53754
71400
69184
87962
95491
63914
69820
84015
29172
82479
92679
67654
88728
83187
14995
30366
81593
32241
58919
33342
31296
51481
92061
16218
27032
10518
